{
 "cells": [
  {
   "cell_type": "code",
   "execution_count": null,
   "id": "011556eb",
   "metadata": {},
   "outputs": [],
   "source": []
  },
  {
   "cell_type": "code",
   "execution_count": 1,
   "id": "4a89e626",
   "metadata": {},
   "outputs": [
    {
     "name": "stdout",
     "output_type": "stream",
     "text": [
      "[*********************100%***********************]  1 of 1 completed\n",
      "[*********************100%***********************]  1 of 1 completed\n",
      "[*********************100%***********************]  1 of 1 completed\n",
      "[*********************100%***********************]  1 of 1 completed\n",
      "[*********************100%***********************]  1 of 1 completed\n",
      "[*********************100%***********************]  1 of 1 completed\n",
      "[*********************100%***********************]  1 of 1 completed\n",
      "[*********************100%***********************]  1 of 1 completed\n",
      "[*********************100%***********************]  1 of 1 completed\n",
      "[*********************100%***********************]  1 of 1 completed\n",
      "[*********************100%***********************]  1 of 1 completed\n",
      "[*********************100%***********************]  1 of 1 completed\n",
      "[*********************100%***********************]  1 of 1 completed\n",
      "[*********************100%***********************]  1 of 1 completed\n",
      "[*********************100%***********************]  1 of 1 completed\n",
      "[*********************100%***********************]  1 of 1 completed\n"
     ]
    },
    {
     "data": {
      "text/html": [
       "<div>\n",
       "<style scoped>\n",
       "    .dataframe tbody tr th:only-of-type {\n",
       "        vertical-align: middle;\n",
       "    }\n",
       "\n",
       "    .dataframe tbody tr th {\n",
       "        vertical-align: top;\n",
       "    }\n",
       "\n",
       "    .dataframe thead th {\n",
       "        text-align: right;\n",
       "    }\n",
       "</style>\n",
       "<table border=\"1\" class=\"dataframe\">\n",
       "  <thead>\n",
       "    <tr style=\"text-align: right;\">\n",
       "      <th></th>\n",
       "      <th>index</th>\n",
       "      <th>lastPrice</th>\n",
       "      <th>yearHigh</th>\n",
       "      <th>gap</th>\n",
       "      <th>gap%</th>\n",
       "      <th>1YearReturn</th>\n",
       "      <th>6MonthReturn</th>\n",
       "      <th>3MonthReturn</th>\n",
       "      <th>ThisYearReturn</th>\n",
       "    </tr>\n",
       "  </thead>\n",
       "  <tbody>\n",
       "    <tr>\n",
       "      <th>12</th>\n",
       "      <td>^CNXINFRA</td>\n",
       "      <td>8243.950195</td>\n",
       "      <td>8215.450195</td>\n",
       "      <td>28.500000</td>\n",
       "      <td>0.345708</td>\n",
       "      <td>60.65</td>\n",
       "      <td>35.95</td>\n",
       "      <td>20.83</td>\n",
       "      <td>60.65</td>\n",
       "    </tr>\n",
       "    <tr>\n",
       "      <th>2</th>\n",
       "      <td>^CNXAUTO</td>\n",
       "      <td>20871.949219</td>\n",
       "      <td>20830.400391</td>\n",
       "      <td>41.548828</td>\n",
       "      <td>0.199065</td>\n",
       "      <td>63.23</td>\n",
       "      <td>30.91</td>\n",
       "      <td>18.01</td>\n",
       "      <td>63.23</td>\n",
       "    </tr>\n",
       "    <tr>\n",
       "      <th>0</th>\n",
       "      <td>^NSEI</td>\n",
       "      <td>22338.750000</td>\n",
       "      <td>22297.500000</td>\n",
       "      <td>41.250000</td>\n",
       "      <td>0.184657</td>\n",
       "      <td>26.97</td>\n",
       "      <td>14.39</td>\n",
       "      <td>7.99</td>\n",
       "      <td>26.97</td>\n",
       "    </tr>\n",
       "    <tr>\n",
       "      <th>4</th>\n",
       "      <td>^CNXFIN</td>\n",
       "      <td>22622.650391</td>\n",
       "      <td>22641.849609</td>\n",
       "      <td>-19.199219</td>\n",
       "      <td>-0.084867</td>\n",
       "      <td>0.00</td>\n",
       "      <td>0.00</td>\n",
       "      <td>0.00</td>\n",
       "      <td>0.00</td>\n",
       "    </tr>\n",
       "    <tr>\n",
       "      <th>13</th>\n",
       "      <td>^CNXMNC</td>\n",
       "      <td>25249.949219</td>\n",
       "      <td>25322.050781</td>\n",
       "      <td>-72.101562</td>\n",
       "      <td>-0.285551</td>\n",
       "      <td>31.32</td>\n",
       "      <td>14.11</td>\n",
       "      <td>9.46</td>\n",
       "      <td>31.32</td>\n",
       "    </tr>\n",
       "    <tr>\n",
       "      <th>15</th>\n",
       "      <td>^CNXSERVICE</td>\n",
       "      <td>28015.800781</td>\n",
       "      <td>28259.949219</td>\n",
       "      <td>-244.148438</td>\n",
       "      <td>-0.871467</td>\n",
       "      <td>20.00</td>\n",
       "      <td>11.51</td>\n",
       "      <td>6.19</td>\n",
       "      <td>20.00</td>\n",
       "    </tr>\n",
       "    <tr>\n",
       "      <th>10</th>\n",
       "      <td>^CNXCONSUM</td>\n",
       "      <td>9883.700195</td>\n",
       "      <td>9980.400391</td>\n",
       "      <td>-96.700195</td>\n",
       "      <td>-0.978380</td>\n",
       "      <td>37.43</td>\n",
       "      <td>18.45</td>\n",
       "      <td>7.99</td>\n",
       "      <td>37.43</td>\n",
       "    </tr>\n",
       "    <tr>\n",
       "      <th>11</th>\n",
       "      <td>^CNXENERGY</td>\n",
       "      <td>39707.101562</td>\n",
       "      <td>40194.898438</td>\n",
       "      <td>-487.796875</td>\n",
       "      <td>-1.228488</td>\n",
       "      <td>78.31</td>\n",
       "      <td>49.09</td>\n",
       "      <td>30.91</td>\n",
       "      <td>78.31</td>\n",
       "    </tr>\n",
       "    <tr>\n",
       "      <th>6</th>\n",
       "      <td>^CNXPHARMA</td>\n",
       "      <td>18822.300781</td>\n",
       "      <td>19060.449219</td>\n",
       "      <td>-238.148438</td>\n",
       "      <td>-1.265246</td>\n",
       "      <td>0.00</td>\n",
       "      <td>0.00</td>\n",
       "      <td>0.00</td>\n",
       "      <td>0.00</td>\n",
       "    </tr>\n",
       "    <tr>\n",
       "      <th>7</th>\n",
       "      <td>^CNXREALTY</td>\n",
       "      <td>917.099976</td>\n",
       "      <td>932.099976</td>\n",
       "      <td>-15.000000</td>\n",
       "      <td>-1.635590</td>\n",
       "      <td>122.60</td>\n",
       "      <td>60.85</td>\n",
       "      <td>24.31</td>\n",
       "      <td>122.60</td>\n",
       "    </tr>\n",
       "    <tr>\n",
       "      <th>9</th>\n",
       "      <td>^CNXMETAL</td>\n",
       "      <td>8208.500000</td>\n",
       "      <td>8348.250000</td>\n",
       "      <td>-139.750000</td>\n",
       "      <td>-1.702504</td>\n",
       "      <td>44.82</td>\n",
       "      <td>17.15</td>\n",
       "      <td>13.97</td>\n",
       "      <td>44.82</td>\n",
       "    </tr>\n",
       "    <tr>\n",
       "      <th>14</th>\n",
       "      <td>^CNXPSE</td>\n",
       "      <td>9346.950195</td>\n",
       "      <td>9564.200195</td>\n",
       "      <td>-217.250000</td>\n",
       "      <td>-2.324288</td>\n",
       "      <td>108.24</td>\n",
       "      <td>63.24</td>\n",
       "      <td>31.20</td>\n",
       "      <td>108.24</td>\n",
       "    </tr>\n",
       "    <tr>\n",
       "      <th>3</th>\n",
       "      <td>^CNXIT</td>\n",
       "      <td>37516.050781</td>\n",
       "      <td>38516.550781</td>\n",
       "      <td>-1000.500000</td>\n",
       "      <td>-2.666859</td>\n",
       "      <td>25.82</td>\n",
       "      <td>16.64</td>\n",
       "      <td>14.85</td>\n",
       "      <td>25.82</td>\n",
       "    </tr>\n",
       "    <tr>\n",
       "      <th>1</th>\n",
       "      <td>^NSEBANK</td>\n",
       "      <td>47286.898438</td>\n",
       "      <td>48636.449219</td>\n",
       "      <td>-1349.550781</td>\n",
       "      <td>-2.853963</td>\n",
       "      <td>14.63</td>\n",
       "      <td>6.08</td>\n",
       "      <td>1.84</td>\n",
       "      <td>14.63</td>\n",
       "    </tr>\n",
       "    <tr>\n",
       "      <th>5</th>\n",
       "      <td>^CNXFMCG</td>\n",
       "      <td>54225.148438</td>\n",
       "      <td>57966.699219</td>\n",
       "      <td>-3741.550781</td>\n",
       "      <td>-6.900029</td>\n",
       "      <td>19.41</td>\n",
       "      <td>5.97</td>\n",
       "      <td>-0.02</td>\n",
       "      <td>19.41</td>\n",
       "    </tr>\n",
       "    <tr>\n",
       "      <th>8</th>\n",
       "      <td>^CNXMEDIA</td>\n",
       "      <td>2019.900024</td>\n",
       "      <td>2508.600098</td>\n",
       "      <td>-488.700073</td>\n",
       "      <td>-24.194270</td>\n",
       "      <td>15.40</td>\n",
       "      <td>-13.41</td>\n",
       "      <td>-13.58</td>\n",
       "      <td>15.40</td>\n",
       "    </tr>\n",
       "  </tbody>\n",
       "</table>\n",
       "</div>"
      ],
      "text/plain": [
       "          index     lastPrice      yearHigh          gap       gap%  \\\n",
       "12    ^CNXINFRA   8243.950195   8215.450195    28.500000   0.345708   \n",
       "2      ^CNXAUTO  20871.949219  20830.400391    41.548828   0.199065   \n",
       "0         ^NSEI  22338.750000  22297.500000    41.250000   0.184657   \n",
       "4       ^CNXFIN  22622.650391  22641.849609   -19.199219  -0.084867   \n",
       "13      ^CNXMNC  25249.949219  25322.050781   -72.101562  -0.285551   \n",
       "15  ^CNXSERVICE  28015.800781  28259.949219  -244.148438  -0.871467   \n",
       "10   ^CNXCONSUM   9883.700195   9980.400391   -96.700195  -0.978380   \n",
       "11   ^CNXENERGY  39707.101562  40194.898438  -487.796875  -1.228488   \n",
       "6    ^CNXPHARMA  18822.300781  19060.449219  -238.148438  -1.265246   \n",
       "7    ^CNXREALTY    917.099976    932.099976   -15.000000  -1.635590   \n",
       "9     ^CNXMETAL   8208.500000   8348.250000  -139.750000  -1.702504   \n",
       "14      ^CNXPSE   9346.950195   9564.200195  -217.250000  -2.324288   \n",
       "3        ^CNXIT  37516.050781  38516.550781 -1000.500000  -2.666859   \n",
       "1      ^NSEBANK  47286.898438  48636.449219 -1349.550781  -2.853963   \n",
       "5      ^CNXFMCG  54225.148438  57966.699219 -3741.550781  -6.900029   \n",
       "8     ^CNXMEDIA   2019.900024   2508.600098  -488.700073 -24.194270   \n",
       "\n",
       "    1YearReturn  6MonthReturn  3MonthReturn  ThisYearReturn  \n",
       "12        60.65         35.95         20.83           60.65  \n",
       "2         63.23         30.91         18.01           63.23  \n",
       "0         26.97         14.39          7.99           26.97  \n",
       "4          0.00          0.00          0.00            0.00  \n",
       "13        31.32         14.11          9.46           31.32  \n",
       "15        20.00         11.51          6.19           20.00  \n",
       "10        37.43         18.45          7.99           37.43  \n",
       "11        78.31         49.09         30.91           78.31  \n",
       "6          0.00          0.00          0.00            0.00  \n",
       "7        122.60         60.85         24.31          122.60  \n",
       "9         44.82         17.15         13.97           44.82  \n",
       "14       108.24         63.24         31.20          108.24  \n",
       "3         25.82         16.64         14.85           25.82  \n",
       "1         14.63          6.08          1.84           14.63  \n",
       "5         19.41          5.97         -0.02           19.41  \n",
       "8         15.40        -13.41        -13.58           15.40  "
      ]
     },
     "execution_count": 1,
     "metadata": {},
     "output_type": "execute_result"
    }
   ],
   "source": [
    "import pandas as pd\n",
    "import yfinance as yf\n",
    "from datetime import datetime, timedelta\n",
    "from scipy.stats import percentileofscore\n",
    "\n",
    "def find_return(data,total_days):\n",
    "    # Calculate the returns\n",
    "    nifty_returns =  data.loc[(end_date - timedelta(days=total_days)):]['Adj Close'].pct_change().dropna()\n",
    "\n",
    "    # Calculate the total return for the last 1 year\n",
    "    total_return = round(((nifty_returns + 1).prod() - 1)*100,2)\n",
    "    return total_return\n",
    "\n",
    "\n",
    "# Define the stock symbol for the company you want the balance sheet for\n",
    "index_list = ['^NSEI','^NSEBANK','^CNXAUTO','^CNXIT','^CNXFIN','^CNXFMCG','^CNXPHARMA','^CNXREALTY','^CNXMEDIA',\n",
    "              '^CNXMETAL','^CNXCONSUM','^CNXENERGY','^CNXINFRA','^CNXMNC','^CNXPSE','^CNXSERVICE']\n",
    "\n",
    "index_info = pd.DataFrame()\n",
    "\n",
    "# Calculate the start and end dates \n",
    "end_date = datetime.today()\n",
    "start_date = end_date - timedelta(days=365)\n",
    "    \n",
    "for index in index_list:\n",
    "    # Create a Ticker object with the stock symbol\n",
    "    stock = yf.Ticker(index)\n",
    "    info = stock.basic_info\n",
    "\n",
    "    # Fetch historical data for Nifty 50\n",
    "    nifty_data = yf.download(index, start=start_date, end=end_date)\n",
    "    \n",
    "    row = len(index_info)\n",
    "    index_info.at[row,'index'] = index\n",
    "    index_info.at[row,'lastPrice'] = info['lastPrice']\n",
    "    index_info.at[row,'yearHigh'] = info['yearHigh']\n",
    "    index_info.at[row,'gap'] = info['lastPrice'] - info['yearHigh']\n",
    "    index_info.at[row,'gap%'] = (info['lastPrice'] - info['yearHigh'])/info['lastPrice']*100\n",
    "    index_info.at[row,'1YearReturn'] = find_return(nifty_data,365)\n",
    "    index_info.at[row,'6MonthReturn'] = find_return(nifty_data,180)\n",
    "    index_info.at[row,'3MonthReturn'] = find_return(nifty_data,90)\n",
    "    index_info.at[row,'ThisYearReturn'] = find_return(nifty_data.loc['2023-01-01':],365)\n",
    "    \n",
    "index_info.sort_values(by='gap%',ascending=False)"
   ]
  },
  {
   "cell_type": "code",
   "execution_count": 2,
   "id": "a42510c5",
   "metadata": {},
   "outputs": [
    {
     "data": {
      "text/html": [
       "<div>\n",
       "<style scoped>\n",
       "    .dataframe tbody tr th:only-of-type {\n",
       "        vertical-align: middle;\n",
       "    }\n",
       "\n",
       "    .dataframe tbody tr th {\n",
       "        vertical-align: top;\n",
       "    }\n",
       "\n",
       "    .dataframe thead th {\n",
       "        text-align: right;\n",
       "    }\n",
       "</style>\n",
       "<table border=\"1\" class=\"dataframe\">\n",
       "  <thead>\n",
       "    <tr style=\"text-align: right;\">\n",
       "      <th></th>\n",
       "      <th>index</th>\n",
       "      <th>lastPrice</th>\n",
       "      <th>yearHigh</th>\n",
       "      <th>gap</th>\n",
       "      <th>gap%</th>\n",
       "      <th>1YearReturn</th>\n",
       "      <th>6MonthReturn</th>\n",
       "      <th>3MonthReturn</th>\n",
       "      <th>ThisYearReturn</th>\n",
       "    </tr>\n",
       "  </thead>\n",
       "  <tbody>\n",
       "    <tr>\n",
       "      <th>7</th>\n",
       "      <td>^CNXREALTY</td>\n",
       "      <td>917.099976</td>\n",
       "      <td>932.099976</td>\n",
       "      <td>-15.000000</td>\n",
       "      <td>-1.635590</td>\n",
       "      <td>122.60</td>\n",
       "      <td>60.85</td>\n",
       "      <td>24.31</td>\n",
       "      <td>122.60</td>\n",
       "    </tr>\n",
       "    <tr>\n",
       "      <th>14</th>\n",
       "      <td>^CNXPSE</td>\n",
       "      <td>9346.950195</td>\n",
       "      <td>9564.200195</td>\n",
       "      <td>-217.250000</td>\n",
       "      <td>-2.324288</td>\n",
       "      <td>108.24</td>\n",
       "      <td>63.24</td>\n",
       "      <td>31.20</td>\n",
       "      <td>108.24</td>\n",
       "    </tr>\n",
       "    <tr>\n",
       "      <th>11</th>\n",
       "      <td>^CNXENERGY</td>\n",
       "      <td>39707.101562</td>\n",
       "      <td>40194.898438</td>\n",
       "      <td>-487.796875</td>\n",
       "      <td>-1.228488</td>\n",
       "      <td>78.31</td>\n",
       "      <td>49.09</td>\n",
       "      <td>30.91</td>\n",
       "      <td>78.31</td>\n",
       "    </tr>\n",
       "    <tr>\n",
       "      <th>2</th>\n",
       "      <td>^CNXAUTO</td>\n",
       "      <td>20871.949219</td>\n",
       "      <td>20830.400391</td>\n",
       "      <td>41.548828</td>\n",
       "      <td>0.199065</td>\n",
       "      <td>63.23</td>\n",
       "      <td>30.91</td>\n",
       "      <td>18.01</td>\n",
       "      <td>63.23</td>\n",
       "    </tr>\n",
       "    <tr>\n",
       "      <th>12</th>\n",
       "      <td>^CNXINFRA</td>\n",
       "      <td>8243.950195</td>\n",
       "      <td>8215.450195</td>\n",
       "      <td>28.500000</td>\n",
       "      <td>0.345708</td>\n",
       "      <td>60.65</td>\n",
       "      <td>35.95</td>\n",
       "      <td>20.83</td>\n",
       "      <td>60.65</td>\n",
       "    </tr>\n",
       "    <tr>\n",
       "      <th>9</th>\n",
       "      <td>^CNXMETAL</td>\n",
       "      <td>8208.500000</td>\n",
       "      <td>8348.250000</td>\n",
       "      <td>-139.750000</td>\n",
       "      <td>-1.702504</td>\n",
       "      <td>44.82</td>\n",
       "      <td>17.15</td>\n",
       "      <td>13.97</td>\n",
       "      <td>44.82</td>\n",
       "    </tr>\n",
       "    <tr>\n",
       "      <th>10</th>\n",
       "      <td>^CNXCONSUM</td>\n",
       "      <td>9883.700195</td>\n",
       "      <td>9980.400391</td>\n",
       "      <td>-96.700195</td>\n",
       "      <td>-0.978380</td>\n",
       "      <td>37.43</td>\n",
       "      <td>18.45</td>\n",
       "      <td>7.99</td>\n",
       "      <td>37.43</td>\n",
       "    </tr>\n",
       "    <tr>\n",
       "      <th>13</th>\n",
       "      <td>^CNXMNC</td>\n",
       "      <td>25249.949219</td>\n",
       "      <td>25322.050781</td>\n",
       "      <td>-72.101562</td>\n",
       "      <td>-0.285551</td>\n",
       "      <td>31.32</td>\n",
       "      <td>14.11</td>\n",
       "      <td>9.46</td>\n",
       "      <td>31.32</td>\n",
       "    </tr>\n",
       "    <tr>\n",
       "      <th>0</th>\n",
       "      <td>^NSEI</td>\n",
       "      <td>22338.750000</td>\n",
       "      <td>22297.500000</td>\n",
       "      <td>41.250000</td>\n",
       "      <td>0.184657</td>\n",
       "      <td>26.97</td>\n",
       "      <td>14.39</td>\n",
       "      <td>7.99</td>\n",
       "      <td>26.97</td>\n",
       "    </tr>\n",
       "    <tr>\n",
       "      <th>3</th>\n",
       "      <td>^CNXIT</td>\n",
       "      <td>37516.050781</td>\n",
       "      <td>38516.550781</td>\n",
       "      <td>-1000.500000</td>\n",
       "      <td>-2.666859</td>\n",
       "      <td>25.82</td>\n",
       "      <td>16.64</td>\n",
       "      <td>14.85</td>\n",
       "      <td>25.82</td>\n",
       "    </tr>\n",
       "    <tr>\n",
       "      <th>15</th>\n",
       "      <td>^CNXSERVICE</td>\n",
       "      <td>28015.800781</td>\n",
       "      <td>28259.949219</td>\n",
       "      <td>-244.148438</td>\n",
       "      <td>-0.871467</td>\n",
       "      <td>20.00</td>\n",
       "      <td>11.51</td>\n",
       "      <td>6.19</td>\n",
       "      <td>20.00</td>\n",
       "    </tr>\n",
       "    <tr>\n",
       "      <th>5</th>\n",
       "      <td>^CNXFMCG</td>\n",
       "      <td>54225.148438</td>\n",
       "      <td>57966.699219</td>\n",
       "      <td>-3741.550781</td>\n",
       "      <td>-6.900029</td>\n",
       "      <td>19.41</td>\n",
       "      <td>5.97</td>\n",
       "      <td>-0.02</td>\n",
       "      <td>19.41</td>\n",
       "    </tr>\n",
       "    <tr>\n",
       "      <th>8</th>\n",
       "      <td>^CNXMEDIA</td>\n",
       "      <td>2019.900024</td>\n",
       "      <td>2508.600098</td>\n",
       "      <td>-488.700073</td>\n",
       "      <td>-24.194270</td>\n",
       "      <td>15.40</td>\n",
       "      <td>-13.41</td>\n",
       "      <td>-13.58</td>\n",
       "      <td>15.40</td>\n",
       "    </tr>\n",
       "    <tr>\n",
       "      <th>1</th>\n",
       "      <td>^NSEBANK</td>\n",
       "      <td>47286.898438</td>\n",
       "      <td>48636.449219</td>\n",
       "      <td>-1349.550781</td>\n",
       "      <td>-2.853963</td>\n",
       "      <td>14.63</td>\n",
       "      <td>6.08</td>\n",
       "      <td>1.84</td>\n",
       "      <td>14.63</td>\n",
       "    </tr>\n",
       "    <tr>\n",
       "      <th>4</th>\n",
       "      <td>^CNXFIN</td>\n",
       "      <td>22622.650391</td>\n",
       "      <td>22641.849609</td>\n",
       "      <td>-19.199219</td>\n",
       "      <td>-0.084867</td>\n",
       "      <td>0.00</td>\n",
       "      <td>0.00</td>\n",
       "      <td>0.00</td>\n",
       "      <td>0.00</td>\n",
       "    </tr>\n",
       "    <tr>\n",
       "      <th>6</th>\n",
       "      <td>^CNXPHARMA</td>\n",
       "      <td>18822.300781</td>\n",
       "      <td>19060.449219</td>\n",
       "      <td>-238.148438</td>\n",
       "      <td>-1.265246</td>\n",
       "      <td>0.00</td>\n",
       "      <td>0.00</td>\n",
       "      <td>0.00</td>\n",
       "      <td>0.00</td>\n",
       "    </tr>\n",
       "  </tbody>\n",
       "</table>\n",
       "</div>"
      ],
      "text/plain": [
       "          index     lastPrice      yearHigh          gap       gap%  \\\n",
       "7    ^CNXREALTY    917.099976    932.099976   -15.000000  -1.635590   \n",
       "14      ^CNXPSE   9346.950195   9564.200195  -217.250000  -2.324288   \n",
       "11   ^CNXENERGY  39707.101562  40194.898438  -487.796875  -1.228488   \n",
       "2      ^CNXAUTO  20871.949219  20830.400391    41.548828   0.199065   \n",
       "12    ^CNXINFRA   8243.950195   8215.450195    28.500000   0.345708   \n",
       "9     ^CNXMETAL   8208.500000   8348.250000  -139.750000  -1.702504   \n",
       "10   ^CNXCONSUM   9883.700195   9980.400391   -96.700195  -0.978380   \n",
       "13      ^CNXMNC  25249.949219  25322.050781   -72.101562  -0.285551   \n",
       "0         ^NSEI  22338.750000  22297.500000    41.250000   0.184657   \n",
       "3        ^CNXIT  37516.050781  38516.550781 -1000.500000  -2.666859   \n",
       "15  ^CNXSERVICE  28015.800781  28259.949219  -244.148438  -0.871467   \n",
       "5      ^CNXFMCG  54225.148438  57966.699219 -3741.550781  -6.900029   \n",
       "8     ^CNXMEDIA   2019.900024   2508.600098  -488.700073 -24.194270   \n",
       "1      ^NSEBANK  47286.898438  48636.449219 -1349.550781  -2.853963   \n",
       "4       ^CNXFIN  22622.650391  22641.849609   -19.199219  -0.084867   \n",
       "6    ^CNXPHARMA  18822.300781  19060.449219  -238.148438  -1.265246   \n",
       "\n",
       "    1YearReturn  6MonthReturn  3MonthReturn  ThisYearReturn  \n",
       "7        122.60         60.85         24.31          122.60  \n",
       "14       108.24         63.24         31.20          108.24  \n",
       "11        78.31         49.09         30.91           78.31  \n",
       "2         63.23         30.91         18.01           63.23  \n",
       "12        60.65         35.95         20.83           60.65  \n",
       "9         44.82         17.15         13.97           44.82  \n",
       "10        37.43         18.45          7.99           37.43  \n",
       "13        31.32         14.11          9.46           31.32  \n",
       "0         26.97         14.39          7.99           26.97  \n",
       "3         25.82         16.64         14.85           25.82  \n",
       "15        20.00         11.51          6.19           20.00  \n",
       "5         19.41          5.97         -0.02           19.41  \n",
       "8         15.40        -13.41        -13.58           15.40  \n",
       "1         14.63          6.08          1.84           14.63  \n",
       "4          0.00          0.00          0.00            0.00  \n",
       "6          0.00          0.00          0.00            0.00  "
      ]
     },
     "execution_count": 2,
     "metadata": {},
     "output_type": "execute_result"
    }
   ],
   "source": [
    "index_info.sort_values(by=['1YearReturn'],ascending=False)"
   ]
  },
  {
   "cell_type": "code",
   "execution_count": null,
   "id": "51d4c887",
   "metadata": {},
   "outputs": [],
   "source": []
  },
  {
   "cell_type": "code",
   "execution_count": null,
   "id": "8860ff0a",
   "metadata": {},
   "outputs": [],
   "source": []
  },
  {
   "cell_type": "code",
   "execution_count": 2,
   "id": "cadd99be",
   "metadata": {},
   "outputs": [],
   "source": []
  },
  {
   "cell_type": "code",
   "execution_count": 1,
   "id": "bad50f02",
   "metadata": {},
   "outputs": [],
   "source": [
    "nifty50_list = ['UPL','TATACONSUM','ASIANPAINT','APOLLOHOSP','DIVISLAB','TITAN','HCLTECH','COALINDIA','JSWSTEEL','TCS','TATAMOTORS','HINDALCO',\n",
    "'BAJAJ-AUTO','ICICIBANK','ADANIENT','TATASTEEL','BAJFINANCE','INDUSINDBK','NESTLEIND','LT','GRASIM','POWERGRID','CIPLA','AXISBANK','BHARTIARTL',\n",
    "'HDFCBANK','DRREDDY','ADANIPORTS','ITC','MARUTI','ULTRACEMCO','RELIANCE','SBIN','BAJAJFINSV','M&M','ONGC','WIPRO','HDFCLIFE',\n",
    "'HEROMOTOCO','BPCL','SUNPHARMA','HINDUNILVR','LTIM','NTPC','SBILIFE','TECHM','EICHERMOT','KOTAKBANK','BRITANNIA','INFY']\n"
   ]
  },
  {
   "cell_type": "code",
   "execution_count": null,
   "id": "0e5cede2",
   "metadata": {},
   "outputs": [],
   "source": []
  },
  {
   "cell_type": "code",
   "execution_count": 1,
   "id": "d7ef7967",
   "metadata": {
    "scrolled": true
   },
   "outputs": [
    {
     "name": "stdout",
     "output_type": "stream",
     "text": [
      "[*********************100%***********************]  1 of 1 completed\n",
      "[*********************100%***********************]  1 of 1 completed\n",
      "[*********************100%***********************]  1 of 1 completed\n",
      "[*********************100%***********************]  1 of 1 completed\n",
      "[*********************100%***********************]  1 of 1 completed\n",
      "[*********************100%***********************]  1 of 1 completed\n",
      "[*********************100%***********************]  1 of 1 completed\n",
      "[*********************100%***********************]  1 of 1 completed\n",
      "[*********************100%***********************]  1 of 1 completed\n",
      "[*********************100%***********************]  1 of 1 completed\n",
      "[*********************100%***********************]  1 of 1 completed\n",
      "[*********************100%***********************]  1 of 1 completed\n",
      "[*********************100%***********************]  1 of 1 completed\n",
      "[*********************100%***********************]  1 of 1 completed\n",
      "[*********************100%***********************]  1 of 1 completed\n",
      "[*********************100%***********************]  1 of 1 completed\n",
      "[*********************100%***********************]  1 of 1 completed\n",
      "[*********************100%***********************]  1 of 1 completed\n",
      "[*********************100%***********************]  1 of 1 completed\n",
      "[*********************100%***********************]  1 of 1 completed\n",
      "[*********************100%***********************]  1 of 1 completed\n",
      "[*********************100%***********************]  1 of 1 completed\n",
      "[*********************100%***********************]  1 of 1 completed\n",
      "[*********************100%***********************]  1 of 1 completed\n",
      "[*********************100%***********************]  1 of 1 completed\n",
      "[*********************100%***********************]  1 of 1 completed\n",
      "[*********************100%***********************]  1 of 1 completed\n",
      "[*********************100%***********************]  1 of 1 completed\n",
      "[*********************100%***********************]  1 of 1 completed\n",
      "[*********************100%***********************]  1 of 1 completed\n",
      "[*********************100%***********************]  1 of 1 completed\n",
      "[*********************100%***********************]  1 of 1 completed\n",
      "[*********************100%***********************]  1 of 1 completed\n",
      "[*********************100%***********************]  1 of 1 completed\n",
      "[*********************100%***********************]  1 of 1 completed\n",
      "[*********************100%***********************]  1 of 1 completed\n",
      "[*********************100%***********************]  1 of 1 completed\n",
      "[*********************100%***********************]  1 of 1 completed\n",
      "[*********************100%***********************]  1 of 1 completed\n",
      "[*********************100%***********************]  1 of 1 completed\n",
      "[*********************100%***********************]  1 of 1 completed\n",
      "[*********************100%***********************]  1 of 1 completed\n",
      "[*********************100%***********************]  1 of 1 completed\n",
      "[*********************100%***********************]  1 of 1 completed\n",
      "[*********************100%***********************]  1 of 1 completed\n",
      "[*********************100%***********************]  1 of 1 completed\n",
      "[*********************100%***********************]  1 of 1 completed\n",
      "[*********************100%***********************]  1 of 1 completed\n",
      "[*********************100%***********************]  1 of 1 completed\n",
      "[*********************100%***********************]  1 of 1 completed\n",
      "[*********************100%***********************]  1 of 1 completed\n",
      "[*********************100%***********************]  1 of 1 completed\n",
      "[*********************100%***********************]  1 of 1 completed\n",
      "[*********************100%***********************]  1 of 1 completed\n",
      "[*********************100%***********************]  1 of 1 completed\n",
      "[*********************100%***********************]  1 of 1 completed\n",
      "[*********************100%***********************]  1 of 1 completed\n",
      "[*********************100%***********************]  1 of 1 completed\n",
      "[*********************100%***********************]  1 of 1 completed\n",
      "[*********************100%***********************]  1 of 1 completed\n",
      "[*********************100%***********************]  1 of 1 completed\n",
      "[*********************100%***********************]  1 of 1 completed\n",
      "[*********************100%***********************]  1 of 1 completed\n",
      "[*********************100%***********************]  1 of 1 completed\n",
      "[*********************100%***********************]  1 of 1 completed\n",
      "[*********************100%***********************]  1 of 1 completed\n",
      "[*********************100%***********************]  1 of 1 completed\n",
      "[*********************100%***********************]  1 of 1 completed\n",
      "[*********************100%***********************]  1 of 1 completed\n",
      "[*********************100%***********************]  1 of 1 completed\n",
      "[*********************100%***********************]  1 of 1 completed\n",
      "[*********************100%***********************]  1 of 1 completed\n",
      "[*********************100%***********************]  1 of 1 completed\n",
      "[*********************100%***********************]  1 of 1 completed\n",
      "[*********************100%***********************]  1 of 1 completed\n",
      "[*********************100%***********************]  1 of 1 completed\n",
      "[*********************100%***********************]  1 of 1 completed\n",
      "[*********************100%***********************]  1 of 1 completed\n",
      "[*********************100%***********************]  1 of 1 completed\n",
      "[*********************100%***********************]  1 of 1 completed\n",
      "[*********************100%***********************]  1 of 1 completed\n",
      "[*********************100%***********************]  1 of 1 completed\n",
      "[*********************100%***********************]  1 of 1 completed\n",
      "[*********************100%***********************]  1 of 1 completed\n",
      "[*********************100%***********************]  1 of 1 completed\n",
      "[*********************100%***********************]  1 of 1 completed\n",
      "[*********************100%***********************]  1 of 1 completed\n",
      "[*********************100%***********************]  1 of 1 completed\n",
      "[*********************100%***********************]  1 of 1 completed\n",
      "[*********************100%***********************]  1 of 1 completed\n",
      "[*********************100%***********************]  1 of 1 completed\n",
      "[*********************100%***********************]  1 of 1 completed\n",
      "[*********************100%***********************]  1 of 1 completed\n",
      "[*********************100%***********************]  1 of 1 completed\n",
      "[*********************100%***********************]  1 of 1 completed\n",
      "[*********************100%***********************]  1 of 1 completed\n",
      "[*********************100%***********************]  1 of 1 completed\n",
      "[*********************100%***********************]  1 of 1 completed\n",
      "[*********************100%***********************]  1 of 1 completed\n",
      "[*********************100%***********************]  1 of 1 completed\n",
      "[*********************100%***********************]  1 of 1 completed\n",
      "[*********************100%***********************]  1 of 1 completed\n",
      "[*********************100%***********************]  1 of 1 completed\n",
      "[*********************100%***********************]  1 of 1 completed\n",
      "[*********************100%***********************]  1 of 1 completed\n",
      "[*********************100%***********************]  1 of 1 completed\n",
      "[*********************100%***********************]  1 of 1 completed\n",
      "[*********************100%***********************]  1 of 1 completed\n",
      "[*********************100%***********************]  1 of 1 completed\n",
      "[*********************100%***********************]  1 of 1 completed\n",
      "[*********************100%***********************]  1 of 1 completed\n",
      "[*********************100%***********************]  1 of 1 completed\n",
      "[*********************100%***********************]  1 of 1 completed\n",
      "[*********************100%***********************]  1 of 1 completed\n",
      "[*********************100%***********************]  1 of 1 completed\n",
      "[*********************100%***********************]  1 of 1 completed\n",
      "[*********************100%***********************]  1 of 1 completed\n",
      "[*********************100%***********************]  1 of 1 completed\n",
      "[*********************100%***********************]  1 of 1 completed\n",
      "[*********************100%***********************]  1 of 1 completed\n",
      "[*********************100%***********************]  1 of 1 completed\n",
      "[*********************100%***********************]  1 of 1 completed\n",
      "[*********************100%***********************]  1 of 1 completed\n",
      "[*********************100%***********************]  1 of 1 completed\n",
      "[*********************100%***********************]  1 of 1 completed\n",
      "[*********************100%***********************]  1 of 1 completed\n",
      "[*********************100%***********************]  1 of 1 completed\n",
      "[*********************100%***********************]  1 of 1 completed\n",
      "[*********************100%***********************]  1 of 1 completed\n",
      "[*********************100%***********************]  1 of 1 completed\n",
      "[*********************100%***********************]  1 of 1 completed\n",
      "[*********************100%***********************]  1 of 1 completed\n",
      "[*********************100%***********************]  1 of 1 completed\n",
      "[*********************100%***********************]  1 of 1 completed\n",
      "[*********************100%***********************]  1 of 1 completed\n",
      "[*********************100%***********************]  1 of 1 completed\n",
      "[*********************100%***********************]  1 of 1 completed\n",
      "[*********************100%***********************]  1 of 1 completed\n",
      "[*********************100%***********************]  1 of 1 completed\n",
      "[*********************100%***********************]  1 of 1 completed\n",
      "[*********************100%***********************]  1 of 1 completed\n",
      "[*********************100%***********************]  1 of 1 completed\n",
      "[*********************100%***********************]  1 of 1 completed\n",
      "[*********************100%***********************]  1 of 1 completed\n",
      "[*********************100%***********************]  1 of 1 completed\n",
      "[*********************100%***********************]  1 of 1 completed\n",
      "[*********************100%***********************]  1 of 1 completed\n",
      "[*********************100%***********************]  1 of 1 completed\n",
      "[*********************100%***********************]  1 of 1 completed\n",
      "[*********************100%***********************]  1 of 1 completed\n",
      "[*********************100%***********************]  1 of 1 completed\n",
      "[*********************100%***********************]  1 of 1 completed\n",
      "[*********************100%***********************]  1 of 1 completed\n",
      "[*********************100%***********************]  1 of 1 completed\n",
      "[*********************100%***********************]  1 of 1 completed\n",
      "[*********************100%***********************]  1 of 1 completed\n",
      "[*********************100%***********************]  1 of 1 completed\n",
      "[*********************100%***********************]  1 of 1 completed\n",
      "[*********************100%***********************]  1 of 1 completed\n",
      "[*********************100%***********************]  1 of 1 completed\n",
      "[*********************100%***********************]  1 of 1 completed\n",
      "[*********************100%***********************]  1 of 1 completed\n",
      "[*********************100%***********************]  1 of 1 completed\n",
      "[*********************100%***********************]  1 of 1 completed\n",
      "[*********************100%***********************]  1 of 1 completed\n",
      "[*********************100%***********************]  1 of 1 completed\n",
      "[*********************100%***********************]  1 of 1 completed\n",
      "[*********************100%***********************]  1 of 1 completed\n",
      "[*********************100%***********************]  1 of 1 completed\n",
      "[*********************100%***********************]  1 of 1 completed\n",
      "[*********************100%***********************]  1 of 1 completed\n",
      "[*********************100%***********************]  1 of 1 completed\n",
      "[*********************100%***********************]  1 of 1 completed\n",
      "[*********************100%***********************]  1 of 1 completed\n",
      "[*********************100%***********************]  1 of 1 completed\n",
      "[*********************100%***********************]  1 of 1 completed\n",
